0.100000	2.000001e+00
0.100000	2.000001e+00
0.100000	2.000001e+00
0.100000	2.000001e+00
0.100000	1.000001e+00
0.100000	2.000001e+00
0.100000	2.000001e+00
0.100000	2.000001e+00
0.100000	1.500001e+00
0.100000	2.000001e+00
0.200000	2.000002e+00
0.200000	2.000002e+00
0.200000	2.000002e+00
0.200000	2.000002e+00
0.200000	2.000002e+00
0.200000	2.000002e+00
0.200000	2.000002e+00
0.200000	2.000002e+00
0.200000	1.500002e+00
0.200000	2.000002e+00
0.300000	2.000004e+00
0.300000	2.000004e+00
0.300000	2.000004e+00
0.300000	2.000004e+00
0.300000	2.000004e+00
0.300000	2.000004e+00
0.300000	2.000004e+00
0.300000	2.000004e+00
0.300000	2.000004e+00
0.300000	1.500004e+00
0.400000	2.000005e+00
0.400000	2.000005e+00
0.400000	1.500005e+00
0.400000	2.000005e+00
0.400000	2.000005e+00
0.400000	2.000005e+00
0.400000	2.000005e+00
0.400000	2.000005e+00
0.400000	-1.999995e+00
0.400000	2.000005e+00
0.500000	2.000006e+00
0.500000	-1.999994e+00
0.500000	2.000006e+00
0.500000	2.000006e+00
0.500000	5.056041e-01
0.500000	2.000006e+00
0.500000	2.000006e+00
0.500000	2.000006e+00
0.500000	2.000006e+00
0.500000	2.000006e+00
0.600000	2.000007e+00
0.600000	2.000007e+00
0.600000	2.000007e+00
0.600000	2.000007e+00
0.600000	2.000007e+00
0.600000	1.404984e+00
0.600000	2.000007e+00
0.600000	2.000007e+00
0.600000	-1.999149e+00
0.600000	2.000007e+00
0.700000	2.000009e+00
0.700000	2.000009e+00
0.700000	-1.918759e+00
0.700000	2.000009e+00
0.700000	2.000009e+00
0.700000	2.000009e+00
0.700000	2.000009e+00
0.700000	2.000009e+00
0.700000	2.000009e+00
0.700000	2.000009e+00
0.800000	2.000010e+00
0.800000	2.000010e+00
0.800000	2.000010e+00
0.800000	1.992898e+00
0.800000	2.000010e+00
0.800000	1.964418e+00
0.800000	2.000010e+00
0.800000	2.000010e+00
0.800000	1.984982e+00
0.800000	2.000010e+00
0.900000	2.000011e+00
0.900000	1.916866e+00
0.900000	2.000011e+00
0.900000	2.000011e+00
0.900000	1.650775e+00
0.900000	2.000011e+00
0.900000	1.965963e+00
0.900000	2.000011e+00
0.900000	2.000011e+00
0.900000	2.000011e+00
1.000000	1.964148e+00
1.000000	1.961167e+00
1.000000	2.000012e+00
1.000000	2.000012e+00
1.000000	1.940988e+00
1.000000	2.000012e+00
1.000000	1.909924e+00
1.000000	1.969806e+00
1.000000	1.997361e+00
1.000000	1.959218e+00
1.100000	1.769624e+00
1.100000	1.952033e+00
1.100000	1.976273e+00
1.100000	1.992596e+00
1.100000	1.981058e+00
1.100000	1.923345e+00
1.100000	1.880030e+00
1.100000	1.903343e+00
1.100000	1.962455e+00
1.100000	2.000014e+00
1.200000	1.980999e+00
1.200000	1.882657e+00
1.200000	1.942190e+00
1.200000	1.675261e+00
1.200000	1.956958e+00
1.200000	1.889291e+00
1.200000	1.730573e+00
1.200000	1.947238e+00
1.200000	1.840370e+00
1.200000	2.000015e+00
1.300000	1.912274e+00
1.300000	1.680444e+00
1.300000	1.941381e+00
1.300000	1.728190e+00
1.300000	1.760168e+00
1.300000	1.861062e+00
1.300000	1.741510e+00
1.300000	1.909168e+00
1.300000	1.876535e+00
1.300000	1.785521e+00
1.400000	1.758830e+00
1.400000	1.600092e+00
1.400000	1.502120e+00
1.400000	1.314203e+00
1.400000	1.565671e+00
1.400000	1.869034e+00
1.400000	1.821035e+00
1.400000	1.840193e+00
1.400000	1.585640e+00
1.400000	1.825271e+00
1.500000	1.840670e+00
1.500000	1.655162e+00
1.500000	1.867556e+00
1.500000	1.828749e+00
1.500000	1.520216e+00
1.500000	1.904669e+00
1.500000	1.546999e+00
1.500000	1.349729e+00
1.500000	1.734213e+00
1.500000	1.712531e+00
1.600000	1.526662e+00
1.600000	1.824531e+00
1.600000	1.745431e+00
1.600000	1.562767e+00
1.600000	1.710649e+00
1.600000	1.308159e+00
1.600000	1.767429e+00
1.600000	1.355528e+00
1.600000	1.831780e+00
1.600000	1.663197e+00
1.700000	1.132694e+00
1.700000	1.485371e+00
1.700000	1.526262e+00
1.700000	1.567503e+00
1.700000	1.445049e+00
1.700000	8.723458e-01
1.700000	1.252044e+00
1.700000	1.433253e+00
1.700000	1.547406e+00
1.700000	1.689980e+00
1.800000	1.608558e+00
1.800000	1.569480e+00
1.800000	1.509655e+00
1.800000	1.286748e+00
1.800000	1.008083e+00
1.800000	1.099574e+00
1.800000	1.528984e+00
1.800000	1.541049e+00
1.800000	1.436021e+00
1.800000	1.292789e+00
1.900000	1.208640e+00
1.900000	1.120245e+00
1.900000	1.015786e+00
1.900000	9.630657e-01
1.900000	1.268434e+00
1.900000	1.176724e+00
1.900000	7.629037e-01
1.900000	1.063503e+00
1.900000	1.300375e+00
1.900000	1.035343e+00
2.000000	1.557597e+00
2.000000	-1.884357e-01
2.000000	1.002062e+00
2.000000	1.348957e+00
2.000000	1.290973e+00
2.000000	1.494650e+00
2.000000	8.860494e-01
2.000000	1.469041e+00
2.000000	8.203424e-01
2.000000	1.154590e+00
2.100000	7.268453e-01
2.100000	7.020802e-01
2.100000	7.574395e-01
2.100000	2.269050e-01
2.100000	8.046138e-01
2.100000	2.104266e-01
2.100000	1.117695e+00
2.100000	1.032798e+00
2.100000	6.002838e-01
2.100000	7.148004e-01
2.200000	1.209032e+00
2.200000	1.788455e-01
2.200000	6.342773e-01
2.200000	3.741485e-01
2.200000	-3.260190e-01
2.200000	8.701735e-01
2.200000	4.158954e-01
2.200000	8.395658e-01
2.200000	1.082103e+00
2.200000	6.570866e-01
2.300000	6.048236e-01
2.300000	1.729824e-01
2.300000	-3.594244e-01
2.300000	4.978158e-01
2.300000	5.897985e-01
2.300000	4.348461e-01
2.300000	1.433784e-01
2.300000	7.034123e-01
2.300000	5.960558e-01
2.300000	7.783764e-01
2.400000	4.792840e-01
2.400000	5.880973e-01
2.400000	3.528970e-01
2.400000	3.174976e-01
2.400000	1.901473e-01
2.400000	1.129841e-01
2.400000	7.750708e-01
2.400000	4.589338e-01
2.400000	3.356316e-01
2.400000	6.335765e-01
2.500000	4.629479e-01
2.500000	3.945190e-01
2.500000	4.292318e-01
2.500000	4.210480e-01
2.500000	3.536434e-01
2.500000	4.656244e-02
2.500000	1.669366e-01
2.500000	1.737357e-01
2.500000	-2.149390e-01
2.500000	1.119432e-01
2.600000	4.992871e-01
2.600000	-2.364101e-02
2.600000	4.602613e-01
2.600000	1.213825e-01
2.600000	1.450328e-01
2.600000	4.738107e-01
2.600000	1.371624e-01
2.600000	3.148671e-01
2.600000	1.180193e-01
2.600000	2.176643e-03
2.700000	1.023174e-01
2.700000	8.750893e-02
2.700000	1.702663e-01
2.700000	3.627260e-01
2.700000	-1.054506e-02
2.700000	3.791228e-01
2.700000	3.131841e-01
2.700000	-1.933683e-01
2.700000	1.341277e-01
2.700000	2.690068e-01
2.800000	2.307160e-01
2.800000	3.069492e-02
2.800000	1.465833e-01
2.800000	2.469855e-02
2.800000	-8.498333e-02
2.800000	-3.525138e-01
2.800000	3.966007e-02
2.800000	1.006045e-01
2.800000	2.899019e-01
2.800000	9.551250e-02
2.900000	1.650481e-01
2.900000	-1.347942e-01
2.900000	-3.140539e-02
2.900000	1.947055e-01
2.900000	1.980806e-01
2.900000	6.615809e-02
2.900000	9.063931e-02
2.900000	-1.524702e-01
2.900000	-9.432671e-03
2.900000	4.583359e-02
